Rozmiar|	|Język|	 |Ilość wątków| |Czas|	
1000		C++	        1        2900
2000		C++	        1	 24000
3000		C++	        1        81500
4000		C++		1	194000
5000		C++		1	384000


1000		C++		2	 3600
2000		C++		2	26000
3000		C++		2	85000
4000		C++		2	201000
5000		C++		2	398000


1000		C++	        4        1200
2000		C++	        4	 14000
3000		C++	        4        38000
4000		C++		4	81400
5000		C++		4	154000
6000		C++		4	263900
7000		C++		4	398600


1000		C++		8	 927
2000		C++		8	6400
3000		C++		8	19500
4000		C++		8	45000
5000		C++		8	85600
6000		C++		8	146900
7000		C++		8	250600


1000		Asm	        1        501
2000		Asm	        1	 3900
3000		Asm	        1        11000
4000		Asm		1	21500
5000		Asm		1	39600
6000		Asm		1	65000
7000		Asm		1	102200


1000		Asm		2	 1100
2000		Asm		2	7100
3000		Asm		2	11200
4000		Asm		2	26000
5000		Asm		2	41000
6000		Asm		2	77300
7000		Asm		2	106000


1000		Asm	        4        350
2000		Asm	        4	 2000
3000		Asm	        4        5100
4000		Asm		4	11300
5000		Asm		4	19300
6000		Asm		4	31000
7000		Asm		4	46200


1000		Asm		8	 330
2000		Asm		8	2400
3000		Asm		8	3800
4000		Asm		8	7200
5000		Asm		8	12600
6000		Asm		8	20000
7000		Asm		8	31800